³ 111 1132.
11111111.Ι ., N⁰.Mccccxx1x.

111 1111111 (1111111111). Ι

1111 111 111111 111. 11111111 1111 11 111 1111111111111111111 111111.
11111. 1111111111) 111111 11111111 111 1111111111111111, 111111111111111
1111 11 1111111111 1111 1111111 11111111 1111111111 1111111111111, 111 111 111111
11 1111. 1111. 111111. 11111 1111111111111111 111111) 1111 11111 1111111
bum 1111111111 1111 1111 31111111 111 1111111111, 1111111111111111111
1111. 11 mnne. 1111. 11. 111111111111111 11 111 1111111111 111 11111111 111111

· 11 11111. 1111111111111111111111111 11111111 111111111111111111

1111111111) 111 1111111 111 1111111111 1111111111111111111 11111111111111Ι 11111
1111 11 61111111111111. 111 61111 1111111111 11. L &- 111 1. 111 1. 111. 111
in Beyschlag Sylloge Τ. 1. fase. 3. 11.511-567. fase. 1. 11. 1121. ἓ. 1111111 in
1111111 1111111111 111 61111111111111111111111111 11111111111111111111
11 11111111111111, 1111 1111111 11111111111111111111 1111111111111111111.

11111. 111. 111. 1111. 11111111. 1111. 111 1111111111
1111111111. 11111111111 1111111111 1111111111 1111111111. 1111111111
1111 111 11. 111111 1111111111 1111111111 11 1111111111 11111111

6111111111 11111111. ’1111 1111. 1111 11111 11111 111111
311111. 111111 6111111111. 111 111 111111) 111 111111 11111
, 11111 1111111. 1111111111111111111 111 111 111 11111 1111111111
11111111111111111111.111111111111 11111111 11111111 1111111
11111 1111111111.1111111111111811111111) 1111111111. 11111
1111 11111 1111113)1111111111111111111. “) 111111 111 11111
11111111 11 11111 111 11111111 1111111 1111111111 1111111 1111
1111111 1111 11111111 1111 1111111111. 1111 1811111 1111111111
11111 111111 1111111111111111111)111)111·1111’.11111111
11111 1111111 111111. 111 1111111115)111 1111111111 1111111111·
111111. ⁶) (11111111 111111 1111111111) 1111 1111111111 1111111171)
1111 11111 111 11111111) 111 1. 111111 111 1111111111 1111811111 ⁹)
· 1111111111 flu 111111 11111 1111111111 111111 11111111 1111 11111·
’111119111611111111 111 6111111. 111 11111 11111 ²¹) 1111.

flmmeum-ium. 1111111111. 3) 1111111111. 1111111111
111. 1111111 11). 11111111. 1111111111. 1111. 111111. 9) 11. 1111111111
’ 11 11111 11111. 11111111. 11111111. 11111.

>e 11111111111111. 111111111111111111111111 1111111511.
111-110ὓῦ111111..

 

