3662. 666
- 666 6666 66 666 6666 6666 666 6666666 6666666· ’

666 6666666666 6666 6666 666666. 6666 666 6666 66666 6666 66666

66 666 66666666 666 6666 666666 66666666 6666 666 ⁸

666 ct 666666 666 666 66666 6666 66666666 66666. (666666 6666 6666

6666666666 66666 6666 666 66666 6666666 om 66666666 66666 ’

6632. 6666 Lucii. 1) ·

,66 x
666666666666 ²)

66666666 ‘

6666666666· , Ι N⁰.M''ccccxct. ,

, ’ 666 6666666666 3666.
ew 6666666 6666666666 66 666. Mocchmv 666666

66666666 666666. 6666 V. 666 666666. ν, 6666. 6666666 6266 2

6 ’.66666666 2366 κ

&aas 666 666666 66 6666666 6666 66 666666 ,66666 666 66666666
66666666 6666666666) 666666 66666 6666 666666 66666 66666 6666

66666666 6666666 666 666 6666 66666 6666666666 6666666666 6666 x

6666 66666 666666 66666 6666 66 666666 6666 666 666 6666666 6666666
6666 6666666666 666 6666666666 66666 666666 666 66666 6666666 666

66666 666 66666666 666 666 66666666 666666 6666 6666666666,-
666 666 6666 666666 666666 666 666 2366666666 6666666 666 66666 6666 . ·

6 66 66666 66 66 66666666 6666 ··

666 6666 6666 6666 66666666 6666666 666 6666666666 666 66666
6666 66666 6666 66666 6666666666 6666666 66666666 66666666 6666

6666666666 666666 636666 6666666666 666666 666666666666 66666 666 ’ ᾖ
6 ’6

666 6666. wem} 666 66666666 66666666 666666 666666 6666666666 666

66 666666 per patiezitiam et 666661666666666 Scfipturartgm (66666 -

6666...) ,

3366666666 tatastat 66 66666 666 666661666666 rerum, 666 666
consolatio snripmrarussm 66666616 unt 663 666666 bel} 6666 666666 66666

6666 fo 6666666666 66 mmmmm 666666 666666 6666666 6666 - ’

w ’

6666666666 6666666666666666 ”’ ’

 

