111 · ” 1
111 11111111 w 1111111111 Codice 111 incestuosis 11111111111111 nu.

ptiis. 1111 1111111 11111 11 11111 1111111111 11111111111111] 11111

111 111111111111111111111111) 1111111111 11111 11111111 111 , ’

1111111111 1111111111111 11111111111111111111111 111 1111

111 111181111111111 11111111 111111111111111111 111111, 1111 ·

111· 111 1111111111111

6111111111 111 11111111111)11111111 11111111. 11111
11111111111111 11111111 11111111 111111 111 1111111111 111111 1111
1111111111 11 111111 1111111111] 111 111111 111 111111111111111111

1111111111 11111 111111. 11111 1111111111111111111. 1111111111 =
1111111 1111 11111111 1111111 1111111113) 11 111 111111 1111111 - - x

1111111 111 111111 11111111 11111111111111111111. 1111111111
11111111 6111111 (11111111611111111111 Quos Deus conjunxit etc.

111111 111 1111 111111 11 111 111 111111 11111111 1111 1111111111
111 111 11111111 11111 111111111111111111 11 1111111111. .
1111 1111 11111111111111111111111111111 1111111111 11111 1111111
111’111111111111111111111111111111111111111111111111111 ’

111 1111111 1111111111 1111111 11 1111 111 111 1111111111 11111 1111 , ,
1111111111111111, 111 111 111 ,111111 11 1111111 11111111 1111111111 ’
11111 1111111111 1111 111111 111 11 111111 1111111. 1111 1111 111
1111 11111 1111111111 11111 111 111111 111 1111111 111 11111111
1111 1111111 111 1111111111) 11 1111111 11 11111111 1111111111 ,
1111111111 111111111111 1111111111111111111111 1111111111
(11111111 1111111111111 11111111 111 1111111111 111111111111111
111 1111111111111111111111111111 11 11 111 1111 11111111 111111

11 11 11111 111 Ι1111111111111111 111111 111111111111111111111111 ,

su 1111111,1.,;.

Ι1111111111 1111 1111111 111 11111111 1111111111 1111111111 Ι
11111 11111111111111111111111111111111111 1111111111 1111111

113151 1111111 111111 1111111111) 11111111111111111111 1111
1 ¹ , 2

Ἰ 1111111 111111 11111.Η
11111111111111111 11111 1111111111
, ¹ 111111111111111111. ¹ ,

Ι .

nan—..affl -.

1)(1. Ρ. 1111111111. 1111111111111111. 310. Ρ. 11111111

 

