1531. ·· ³25

1111011111 ε. 1. o. 1111 1111111111 111 Ι111111 11111 11111111
111111111111 11111111111111111111 11111.1.(1.111111111111
11111111. ff. Θ. 1111 1111 1111 111 11111.

6111111 11111111 1111 11111111 1111111111 G. 8. O. 11111 11111
111111111111111111111111111111111111 111 11111111 111 111 1111 ’
111111 1111. 1111111111 11111111 11111111111111111111 6111111
1111111111111111 11111 11111111. 1111111 111111. 1. 11. 11 11111
1111111111 11 111 1111 1111111111 11 1111111 1111 11111 11111, 11111 11
11111111 1111111111 11111 1111 11 1111 11111111 111 11111111 111111
111111. 111111 1111 1111111 11 111111111111 1111 111111 111111 1111
1111111111 11111 1111 1111 1111111 1111 11111111111111111
11111111 111.

61 11111111. 11. 111 111 11111111 11111 11111 111111111 1111111
r 111111111111 11111111101111 111 111111 1111111111 111111
11111111 11111111 1111111111 11111111 1111111111 111111 111111 111111
1111111 1111111111 111 111111111111111111111111111111111111111
1111111111 11111111 111 1111111111 11111111111111ς 1111

1111111 11111111 (1111111111 11111111111111111 111111 ’

1111111111111111111111111111111111111 111 11111111
11111111, (1911 (111111011111111111 1111111111111.
11111 11111 111 111111 111111 111 111111 111111 5111 (15.) 1111 1111
1111111111111 111 11111111- 111111 111 111111 1111111111 11111111 111
1111111111 111 11 1111 1111111 111111 1111111.

111111111111111111111111Ι 111111 11111 1111111111111
1111111111 111 1111111 111111· 1111 1111111 11111. 61111111

1111111111 ἕ111111111111111 11111111· 111111 1111 1111111 1111 ,.

1111 1111111111 11 11111 1111111 1111111 11111 1111. 1111 (1111 11

1111111 11111. Ι11111 1111111 111111 111 ’111 11111 111111 111 „

11111 111111 1111111111 11111111 11111111 11111 111161. 1111111
1111111 11111. 1. (111 1111111 11111111 1111111 1111111111 1111
1111 1111111111. 1111111 11111 11111111 11. .

1111. ·. ··
1111111111111. , ·
1111111111 111111. “

Wlffl-

 

