999 . 99394-
¹ 99999999. . '18088888888118⁴

999 999 9999999999 ,(99.999999

9999 999999999999999999 999 9999999999 999999 9999 9999 99 9999999 999 99999 '
ι 99999 ε99999 9999999999 9. 999999 ’99999 999 9999999999, 9999999 9999999999999.
99999 99999 111. 8223. 999999 88 999999 9999999999 999 9999999999999 88888
99999 999999 9999 9999 99 999 9999999 999999 9999999999 99999999.

,σιμ-ιι-

99999999. 18 979 999 v. 599. 9999999. v. 999. 8888- ΚΧ. 399.
8388 xvl. ·.2188

888 999 999 9 999 ’99 9999999999. 9999999999
8888 99. 9999999 9999 88 8888 999 9. 8 9 99 8888!
Ι 9999999 9999 9999999 999999999999 9999999999.

9999 9999 999 99 9999 99999999 99999 999 999 9999999 999999
99999999 999 999999 9999 9999999 999 9999 9999 99999 99999999 99999
9999999999999999 888 99 99999 9999999 99 · 9999 999 9999999 99999 8

' 999999 9999999 9999 999 9999999999 9999 818 888 9999999 999999
9999 9999 (999 999999 99 9999 99) 9999 999999 9999999999 9999999

. 9999999. 99999 99 88 9999999 999 99999999, 9999999 9999999 699999
9999 8888 99999999, ’99999999 9999 9999999999] 88 9999 8888 999
999999 9999999999 9999999 9999 999 9999 9999999 99 99999999 9999999·
“ 99999 99999 9999 99 99999 9999 9999 999999 99999 99999 99999 999999 8
99999 999 9999 9999 999999 9999999 9999 9999999999 9999 888

. 999999 999999. 99 99999 99999999 9999999999 999999 9999999999
· 99999 9999 9999 9999999 (9999999999 9999 99 9999 9999999999, 999

Ι999999 9999 9999999 999 9999 999 9999999 99999999

99999999 99999 999999999 99999. “

8888'888188 8888. 888888888888888 99999999 9999999999 9999

’ 9999 99 999 99 999 99999 39999 (9999 999999 9999999999 99 99 999

99999999 99 99999 99 9999999) 99999999. 99 999 99999 888881.

88888888 8888 888888 999 99999 99999 9999 99 99999 9999999 9999 999

, 999999 99999 9999. 9999999999 999999 999 9999999999 9999999 9999

“ 9999 99999 99 9999999 9999 999 99999999 9999999999] 9999 9999 9999
999999 99999

9999999 99999 888. 99. 88. 8 9999 999999999999999999 8. ,9.
8¹. 99. 999999 9999 99999 99999 9999999 999999 999999 9999999 999
9999999 9999999999 999 99999999 9999999999] 99 9999999 9999 9999

ι 99999999 9999 9999 999 999999 999 99999. 888. 999 99999999 999

 

