11 , ,Ι 1111. Ν
·. -1, 1111111. ·· 1111111111.
111111 1111111111 111111111 111 1111111.

· ’1.’1111111111 111111111111111111111111 111111111111111111111111111111
, ;1111111111111111111111111 1111 1111111111 111111 1111111111 11111111 11111111 11111
111 111111 111· 111 11111111111111111 1111111.1111111 11111111111.

, , Ι’ 11111111 ι

ἡ 1111111111111111111111111111111111111111 111-111111111111111111 1
11111111111111111111111111111111111111111111. 15311. 8. 1111111111111

8 6121111266. 111111111111111111111111111111.111.131.111.ν.111.

11111111. 1119111111 XX 142. 1111111111 11115 1111111111 8 1111.

. 1111111111)11111111111111 1111111111 “

,131111 61111111111111 111 111112111111 13111111111111111.
61111111111311111111 11111 6111111 51111 11111111 111.
6111111111111 11111111 1111111111 1111111111 111 11111111

s 11111111111111111111111111 111 (Bermam'en 1111 111111·

’ 1111111111 111 611111111111.. 11111111111 111 2511111111·
1111111 1111111111 11111111111611111.7

(388 11111111111111111111111 11111111 111111 11111111111111

, ·’ 111111111111111111111111111111111111111111111111111 1111111111

11111 111111 1111111111 1111 11111 1111111111111111111 1111111 1111111111 ἕ.
111. 1111111111111, 11 11111111 1111 111111 1111111111111111 8111

f 111 111111111111111111111111111111 111111111111-111 1111111111 11

” 11111111111111111 111 1111111111. 11. 8 (1.11111111111111111111

’ ” = 11111111111111111111111111111111111111111 1111 1111111111 111111

1111 111111 1111 1111111 11111111 11111 1111 11111111 111111111111 1111
1111111111111111111111111111111111 1111111111. 1111111 1111111111·

’ 8888 111111.1111111111111111111111111111111111111 8
111.

, 1111111 8888 88 Θ 111 11111111 111111 11111 1111111 1111111111
’ 111111111111111111111 1111111111 11. 111111 Θ1111111 1111111111 1111111111 8

1 1111111111111111111111111111111111111 11111111111111111111111111111 8
’ s 8w388 111111111111111111111111111111111111111ὓ1111111111 8

’ , 111111111111111111111111 11111111111111111111111111111111

11111111 111 111 1111 11111111111111 111111111111111111111 1111111111
’1111111111111111111111111111111111111. 11 1111111111 1111 1111111111
· „ 111 (1111118111 1111111 ’111111 (111111 1111111111 1111 11111111) 1111

1111111 1111111 1111111111111.

 

