f 1530.·⁸ ι 119
11111111 1111 1111116111111111 11111111 1111· 11111111 111111
11111111111111 11111111 1111111 11111 111111 111 11111111 111
111 11111· 11111111 11111111 111 1111111111) 1111 1111111111 111111
11111111 111 11111 11 11111. 11111 111 11111111 1111111 1111111111

, 1111- 1111111111111 111 1111111111 6111111 111 1111 1111111111

¹ 1111111111 11 111111111111111 111111111111111 11111111 Ι
1111111111111111-111111111131111 11 1111 1111 11111 111111111 '
11111111111111111 1111 mit 11111111 11111. 11111 1111111 111111
11111111 111 11111111 111111 ’11111111 1111 111111 11111 1111111111

1111111113 11111 11111 111 11111111111111)11111111611111
11111111 111.

11111 1111 111 11111111 1111111111111111111111111 11111

11111 1111111 111111 11111111111111111111111 11111111111161111
1111111111 1111 11111 6111111, 1111111111 1111 1111111 11111
1111111 111111. 11111 11 111111 111 1111111111 1111 11111111 11111·
111111111111111111111111111 111 111 111111 11111 1111 1111111
11111 11111111 1111111111 1111111 &a 1111111111 1111111111
111111 111 111111111 11111 11 11111111 111 1111111 1111111111

¹ &malem 11 11111 61111111 1111 11 1111111111 111 111 1111111
111111 1111111 1111 111 11111111 11111 111111 1111111111 111 111

11111 1111111111 11111111 11111111111111111111111111111 1111111
111111111111111111111111111 11111 111 1111111 11111 1111111111
1111111111 11 1111111111 11 1111111111 1111 1111111 11111 1111 Ι
1111111111111111-’ 11111111111111111111111111111111 ’
11111111111111111111 1111111111 111 111111 111111 1111111111

111111111111“’11111111111111111 11 1111111111. 111111 111 1111
111111 1111111 1111ῦ11111 ’11111111 11 111 1111111111 ww
, 1111111ῢ1111111 111111 111111 1111 1111111 1811111 1111111 111
11111111111111111111111111111111 11111111111111111111111
1111111111 1111111 1111111111. 6111111 11 11111 111111 11
5 1111111111 11111 111111 111111 111 61111111 1111 11111 111111 11111 111
1111111111 111111 1111111 11111111 1111 1116111111 1111111111
1 111111111111111111111111 11111111 111· 111111 11111 111 111
11111 11 11 11 1111 1111111111 1111111 ’111 11111111 111111 11111111
111111 111 111111 11111111 11 111111 1111111.-

ᾗ 111111111111111111111111111111111111111111111 “
’11111111111111111111111111111111161111111111111111

1 1111111111111111111 1111111 111111 1111111111 1111111 1111111 1111

’ 11111161111111111111111111111111111111 11111 1111111111 1111

1
t

 

