“ 111 1111.

111 11111111. 111111 1111111 111 11111111 m 1111111111, 11111
111111 11111111, 1111111111. 11111. 1111. 1111111111 1151. 111311. 1111111111
1111111111 (mm) 1111111111. 1111161. 11111111, 111. 1111111. vl. 161.

¹ 1111111161. 111111 11111. 1561. 11111111111111111111111111111111111

1111111 6111111 1111,
’ 11111111. ’ 111. 1111111111.
111 0111111 111111 1111111111 11111111.

11111 1111 1111111111 111111 antemnam '

&metnafezutnmsstmintumum. ’ > ’

1Ὼ1111 111111 11111 (1111111111, hem 111111 1111111111 ³
1111111111 311 1111111.

= , Θ11111111111111111111111111111111111(111111111111111111111

11111 1111111111 1111111111 111111 1111111 111111 111111-Ὶ 1111111111111
1811111131111111111111111111111 111 111 111 1111 11111111111111 1111
mens 111 1111 11111 111111 1111111 1111 1111111 1111 1111 11111111

“ 11111111] ”⁸¹⁶ 111 1111111111 111 11111 1111111111 111111 1111111
, (1111111111 1111111111 111111 111 11111111 11111111 11111111 1111111111

11111 1111111111 11111 11111 11111111 1111111111 11111 1111111111 11111
111111111111111111111111111111111111111111 111111111111. 1111111
, 111111181111111161111111111111111111111111111111 1111111111
11 1111111 1111111111, 11111111111111111111111111111111111 1111 111
1111111111 111111 11111 1111 1111 1111. 1111111 11111111 11111 111111

¹ ᾳ 11111111111111111111111111111111111111111111111111111111

1111 11111111 11111 1111 1111111111 1111111111 1111111111 1111111
9111111111 1111111 11111 111111111111111111 11111 11111 91111111 1111·
menn 111111111111111111111111 11111111 111111111111111111
611111 1111111111 1111111111 1111111111 11111 11111111 111 111 111111

. 1111111 11111111. 611111 1111 111 11111 11111111 11111111 1111111111
’ 1111111 1111 111111 11 11. (1.1. 1111111111 ,111111 111111111111111.

,1111111 1111 1111111111111111111. 11111111 111111111111 1111111
11111 1111111111] 1131, , s ,1
’ η . 1111111111111111.

*Qun—m

 

