1111. Ν 111·
111111111. , ι ,. 111. 111111.
1111111111 0111111 11111111 1111111. ’

A. 111111 111 111 1111111111 111 1111 (1111111.

m

1111111111111111111111.1111111 11111 1111111111 2 111111

11111 1111111111111111111111111111111111111 111 11111. Dr. 3111111 61111
1111111111011111111111111.11111111111111111111 ·

ven 1111111111 11111 11111111 81111111 11111 1111111111 1111
11111118 111111 1111111 11111111 11111111111 1111111111 1111111
611111 11111 8111111111 111 1111111. 1)

&nubes 11111111)1111111111111111. 1111111111 1111111 11111 ⁴
11111111 111 11111111111111111111113) 1111111111 1111 111111
111111 111111 111111 1111111 1111111111 11111 1111 11) 111 11111) 11111 1111

11111. 111111111111111 111111111111111111111111111 1111
11111111111111111111 1111 111 111111 111 1111111 111111 11111-
11111111111111111111111111111111111 1111111 111 111111 ’111111
1111 1111111111 ,

1111111 11111111111111 111111 111111 1111111111 11111111 11111111
1111111111111111111111 1111111 1111 111111 1111111 11111 111111 =

11111111)1111111111 111111 111111 111 1111111111 1111 1111 111 ·

1111111111 1111111 1111111111 1111 111111 1111 11111111 1111 111111
Ami 111111 1111 11111111111111111111 111 111 11111 11 11111

11111 11111111 111 1111 1111111111 1111111111111111111111115) . .

W 11111111.

1111111111 1111 1111 1111111111 111111111111116)1111111 ,

1111111111111 1111111111111111 111 11111 1111111111 1111811111

11111111111111111111111111111111111111111111. 1111111 -

11111111 1111111111 111 1111111111 1117) 11111111 ⁸) 1111111 11·
111 111111 11111 111 1111)· 1111111 1111111ῐί111 11111 1111 (11111111
11111111111111111111111119) {A 11111 1111 11111 1111) 111111
11111111 1111111111111111111111110)111111111111111 11111111

11111 11111111 ¹¹) 11111. 111111 11 1111 11111111111111111 ’

1) 111111 11111 1111114111 1111111111111111111111.

11111,,.111111111 &Mn-Amantiam 1)111..-·Ζ-·.1111 1111111 ·,“

ἕ11111111ἱῑ111 111112111111111111 111111Μ11111111 111111. ,
1111111

111111, A?

 

