9999. ⁴ ' 999

9999 99 9999 (9999 99) 99999 999 999999 9999999 9999 999999
999999 999999 9999 9. 99. 9. 9999999 99999999 9999999 ’99999 9.
99. 9999999 99999999 999 99999999 999 9999999999 999999 9999 9999

99 99999999 99 99 99 999999 999 9999999999 999999 9999999 ,999 ,

999999 99999. 99 99999Ι (99 (9999 99999) , 9999 999 9. ff. &c 99999 ,
9 99 99999 9999999 999 999999 9999999999 9999 999 9999 999 999
999999 99999 9999999 99999 9999 999 999 9999. Ὶ99999999 999999
999 99 99999 99999. 99999 999 {a 999999 999999 99 9999999 999 99999
999 999 9999 9999999. 999 et. 9999999 9999999 999999 9599.

99999999. . . ’ . No. MDLxxxlx.
999 99999999 9999999 999 9999999.

9999 99999 9999 99 999999 9999999999 9999999999 (99. (999. 999 999. 9999. 9999 ,
999 9999 9. 899999 Νο.ΜΙ)[.ΧΧΧ9’., u. 23. 9999999999199979999919, ι

m

999999999999999. scammata 99999999999999999. , ’

mm. 99999979 2927. 9999999999999999999999999999999999999.
97 999999 9999999999 999 mit 9999999999· 999999.

99999 999 999999 99 999999. 9999999999 999999 9. 99999
99 9999999999 99 )9999999999 9999 9. 9 9. 9999999999 ‚
999999 9999 999 999 9999 9999 9999999999 99 9999999 9999999.

9999 99999( 9999 99999999 9999 9999 9 9 (9. 9999999 99999999 9999
99 9999 9999999. 99999 999999 9999999 99999 9999 999 999 9999999999.
99999 99 99999 999 99999 999 9999999999( 999 9999999 99999999·
9999999999 99 9999999 9999999999 9999999 99999 (9.9 99 (9.9

99 9999 999999 99999999 999999 9999999999 99999 9999999 99 999999  

9999999· 999999 9999 99999 99999 9999999999 9 999 9999999999 999 9999

999999999999999 9999996. 9999999 9999999. 9999999 9999999 , “

99999 9999999999( 9999 9999999999 991999 9999999999 99999 9999 9999
9999999999 999999 999999 99999999. , . ’

99999 999 9999 99999999 999 99999 9999 99999999 9999999 v l
999. 999 99999 99999 99999999 99999 999999 9999999 999 99999999( · ”

(9999999999 999, 99999. 9. 999 (93. 9.): 99999 99999 99999
. 9

m

*9 9999. 9999999999

 

