4449. , 444

’ 44486444444444444444444444444 444444444444444444444. 44444
44444444 4444444444 444 ἱ4444444444444 44 444444 4444 bettonem
4444444444441444444. 44444449444444444444444444444444. wit
4444444 4494 44444444 444 444 4444 6444444449 44444444. 11. 444. ‘m v. 548
4444444 v. 944 4444449494 444 4444449494 9444.

&aab 444 44444 44 6444449 44444444 44444 4444 44444444 44444444-
4444444444 4444444444 444444 44. fx. o. &dnm 4444 6444444444
444 4444 6. 444. 4444444444 4444 444 4444444444 444 4444444444
444 44444 44. 4. (4. 44444 44444 4444444 4444444444 4444144 44 onte 444
4444444444 4444444 4444444 44444 4444 44444 4444444444 4444444444
44 4444 4444444444. yffi. 4. 44. 4444444 4444 444444444444444441444
44 444 44444444 4444 4446 444449 4444 444 444 44444444 44444444444 4444444
444444 44444444 444444. 4449 ,44444444 44444444 44444 4444 &tud 444444
4444444444 444 6494444444 44444444 444444 4444444444. 444 444 nicht
4444 4444444 4444 444 444 444 64444 444 44444444 44444 44444 444
,449 44444444 44 444444 4444 4444 44 44444444 4444444 444 4444 44 44444
44444444 444 4444444 444444 4444494444 4444 44444444 4444444444 meib
444 4444444 4444444444 44444 444469, 44 444444 4444 44444 44444444
444 4444444444 4484444444 44444444

4444 444 44 4. 4. o 4444 444444 44444444. 44 444 444444 444

44444446 44444444444444444444 4444444444 4444444 44444 444444 , .

4444 4444444444 4444444 44444444 4444 444444 44 4444 ’44444 444
444 4444444444 4444 44444 4444444444 444444 4444444444 4444 44444
4444444 44444 444 4444444444 4448 4444444444 444 4444444444 444

4444 44444444 44 444-4 44444444 444444 44 44444 44444 444 44 44444444 '

4444 4444444) five 4444444 4444 48444 4444 4444 44444444 44444 ’444

444 44444444 44444444 44444 4444444444 4444 4444444444) 4444444 4444 ’ ’ 1
4444 mut 44444444 44444444 ,44444 444444 4444 4444 444 44444444 444444 ,

444444 44444 44444444 4444. ,6444944444444 4444444 4444 44444

4444444444 4444444 444 4444 444 6444444449 44444 44 44444444 4444 s

44444 444 4449444444 ,444444 444 444-4444444 444 44444 44444 4444 44444·
44444 4444 444444, 44 444444 444 444 44444444 4444 44444444 44444444·
444 44444444 4444444 44444444. 444444 44 44τί444 4444444 44 51)- κ

444 4444444444. 444444 4444444444 4444444444(44.53). ,

44444444444444 4444844 44444444444494 4444444444
444 4444444444 444 4444444444 48944444 44 4444444 444 44444·
44444 44 44444 44444. 54444444 44444444 44444 4444444444 44944 444
44444444 6. 44444 ’4444 44 44444 444 44444 4444444444444444444.
4444 44 444 44444444 4444444 444444444444 44 4444444444 444
44444 4 4444. 44444 444 4444444444 444444 4444444444 4444 4444444444 ·

 

