1530.

1111. 11111111111111111111111111111 111 ’11111111 11
· - 1111111111 1111111111 ·.
16. 11111111 111111111111111111111111111111111 11111111
1111111111 11111 11111111 ·
11. 1111 111111 nummum 1111 111 11 1111
11111111 11111111 111 11111.11111111111111111111111
11111 1111111111(1111111 1111111 11111111111111111

1111111 111 1111111111 111 11111111)1)111 11111 3
1111111 1111111 ·

1111111 1111111111 1111111111 1111 01111111· m.
A 111111 (11111111 11111 111111 1111111111 1. 111111 ’
, 11111 1111111 1111 111 6111111111 1111111111 111 Ι
ψ, 555515 ’1111111111 1111 111 mmmm
· {stag 1τί ι11111111 1111111111 1111111) 1111111 1111111111·

1·.· ’11111111111111111111111111 11111 111111 1111· 1
· 11111 1111 1111111111 111111111111111111111
111 111 111 11111111 1111111 111111 1111111111. x
6111111111 1111 Ι111111111ι1111· · “
’ 11111111111111111111111 1111111811111111111
1111111.
11 11111111 111 111 11111111 1111111 111111 11111
11111 111111111111111111 ·· 1
“ ’. 1111111111 1111111111111111111111111111111

’1111 ’1111111111 1111111111 1111111 111 1
. ‘mimum 111 11111111111111 Ι1111111111 11111
’ 1111 1111111
² 1111111111 1111 111 1111111111 111 11111111 111 v
· 111111111111 11111111. 1111 11111111 181111 111111
’. 1111111 11111111 111 111111111111111111111
. &war 1111111111 1111111111 11111 1111111 , .

’ 1 ¹ ’,111111111111111111111111111111111111111111Ι
· 1111111111 111111111111111111111111111111111111

1. 1111111111 1111 ’1111 1111111 1111111111 111111 11111111·

.· 2 1111-1111111111111111111 1. 11111111 111

11 =· - 111111111111111111111111111111111 111 1111111111 , j
11111111111111111111111111111111111111111111111 „

 

