1

111 ,11 11

1111 1111111 11111111 11111 1111 1111111111 1111111111 ) 11111111)
1111111 1111 11111111 11111111 11111111 11 111111 1111111 111111
11111111 1111113) 111 11111111 1111 111 1111 11111 111 1111111 1111111111)
11111 11111111 1111 1111111 1111111 ⁵) 11111111 1111 1111 1111 111 1111
· 11111 11111111 11 11111 1111111116) 1111111 1111 1111 11111 11 11
11 1111111 1111111 1111111111 11111 11111 7111111 11 11 111115) 11111
· 1111 11111111 1111 1111111· [11111111 11 Je'sus christus paratus est
judicare vivos et mortum.

, 1111111111 1111 11111 1111111111 111111 1111 11 1111111 1111111111
*· 111111 1111111 1111111111 11111111 11111 1111 1111111 1111111 111
11111 111 11111111. 1111111 1111111111 11111 111111111111111111111
111111 1111111111 1111 1111111111 1111111 11111 11111111 11 11111 111
1111 111111 11 1111111111. Ι11111111 1111111111 11111111 111111 111
111 1111 111111 111111. 1111111 111111111111111111111111111

¹⁵³³· ἰ · 11111111111111111111111·

Μ. propria. 9)·

’11111111 ’ - ' N0.Mnx11

111 11111111111111111111 11111111111111 1111
1111111111 ·

111111111111111111111111111111111111111 11111 111 1111111111 11111 1111111111
11111 1111111 &tuit 1111111111 1111111111 1111111111 11111111 111 1111111111·
111. 111. 111 1111111111.

’ 11111 1111 11111111 111111111111111 1111. 1111111 1111111111.

Dm 111111111111111 1111111111 8111111111111. 11111 11111111
« · 611111111111111111 11111111 1111111111 611111

&otta 111111 11111 11111111 111111 11111111 11111111. 1111111
1111111 1111111111 1111111 111111. 1111111 11111 1111111111 1111
1111111111 11111111111111111111111 111 1111111111 1111111 absoluti
1111 111. 111111 1111 111 1111111111, 1111 111111111111111111 111111
, . ’1111111 11111. (1111111111 1111 11 ,111 11111111 1111 1111111111 111 ab

1) 1111111111. 11111 111111111111-111, 11111111 11111111 1111 111111 111 1111111111
“ ¹2) 1111111111. 1111111111. 111111111111111.1111111111. 5111
. 1111. (11111111. 1111111111111, 11111111111111111111111111

11111111111111111. s) 11. 5?- 111111. , 1))1111111,- 11. pr.

 

