3313 ’ 431·

3143134133 33111411) 3313131333 1331343113] 1311111131131331· ·
3313111331] 131113 3311133333131333 33141 3133111 ιι 13143131 ,
133. 133 331 1331133 131 133331. 31113131 11331 433111 133 1313333

31431113] 313331131331131143 3311311131 1331133311 3331 &a

1133131 1333.

em 1131133113Ι .
A 13314411 1131313
1333133, 331311. ‚

333133131111141313331. *) . “ 1111111111. . ’

113 131 411311 331 143 1311331313 ιι 1113314331 3. 113. ,
1133333133 333 331 1331313333 ’13311334 31113 313331 1133333333 41131 111 11331113. ’

13431633113313133 33431333 311133 1331 1311111 &in 113131 33133 ιιι 1333141131
313111311111311131.1533.4.311ι.133133113311111331.11.’114.1131.
11.131.11111ιι1131.1111311311111. 661131111111111331. 11111 4133133 ·
11143 3311133131 131333411 1131313433 ιιι 333433

331113· ’ ’Νιιιυιιᾋ

’ 1131133 1111431413 3134333 1133313311.
· Ι 5333111133133331333133 (3111311333

m

ιιιι 3333333333133331133 3313313333 313. ιιι 33313 “ ’

11111363111131333 133 33133331, 133 331113 133131131333331, 331 1134 333
13133133311333133 341 3333131333.

ψ

*ι ω131333331133313ἰι 313 14133111113· 3133111333 331 131433 6111311133 11 ι
11. 1111331 131333. 6.1331313··111311.2431. 11311 35343333331113111. 331313 ·
11333333 1113113313 31111311 331 11133331 111 1341 133 3333313113 3133143411 3

1331113331 31 31314 3111 ιιι 1131333 1331131313 3343113313 13313. seckendorf ·
L. 111. 123. p. 61. 4311411 13 13113113· 3333113333 3133334313 131333 ,133131 ιι Α

113 ιιιι 11313331 11334313 1333143313 1113441 1133 133 33341333331443 3333331.

 

