333 3333· · · ' ·

&aab 33333 333333 3333333 33 33 333333 33333333 3333333333 33
3333333333 33333333 3333 33333333 33333333 33333333 333333 3333 333333
333 3333 33333 333 3333333333 33333333333333 333-33333333 333
3333333333 33 333 333 3333333333333 3333333333 3333333 333

s 333333 333333 33333333 3333333333 33 3333333333 3333333 333

3333333333 33333 333 333 333 3333333 33333 3333 333333333333333
333 33333333 3333 33333 333333 33333 3333333333 3333333 3333 3333 33333

v · ’ 33333333 3333333333 33333 333 333 333 3333 333 33333333 333 33333333

3333333333 333 3333333333 3333 33333 3333333333 33333333 3 3333 33
3333 333333 33333333 3333333333 3333333333 333 3333333333· 33 333
,33333333 33333 3333333333 3333 3333 3333333333 333 Ι33333 3333333333

’ ¹ 1 3333333333 333333333333333 33333 33333. 333333333333333333 33333
² 33333333. 3333333 333 33333333 3333333333 3333333 333 333-»33333 33333

3333333333 3333333333 33333333 333 3333 3333333333333333 333 3333333
, 33333 3333333333 3333 33333333 33333333 33333333 3333333 333 33 333
3333333333 33333333 333333 3333333333 3333333333.Ι 3333333333 333
’333 333 333 333 3333333333 333 (3333333333, 3333 3333333333 3333
3333333 33 33333333 333 333 33333333 33333333333333 3333333333
s 333 33333 33333 333 33333333 33333333 333 33333333 3333 33333 33333

· ’ 3333 333 33333 03333333 3333333 33333333 3333333333 3333 3333

, 33333 33333333 333333 333333 3333333 333 333333 3333333 333 3333
[3333333333 33 3333333333 333 333 3333333333 3333333 333 3333333333

- 3333333333 3333 33 33333333 33333333 3333333 33333 33333333 33333333 33
3333 33333 3333 333 333333 333 3333 3333 33333333 33333333 8333
33333 ’33333333 33 33333333 3333 3333 3333333333 333 33 3333333333 333 333
. ’ 33333 33333333 333 333 3333333333 ’333333 333333 3333 3333333333 33333
333 333333 33333 333333333333333 3333333333 3333 33333333 3333 333
“ 33 333333 3333333333 33333333 33333 3333333333 33333333 3333333333 3333 33

’ ’ 3333 33333 333 33333 3333333333 3333333 33333333 333333. matum

5888889‘ prima Augusti, anno 1532.

,, 3333333333 333333,
33333333 33333 · -
3333333333333333333333333333
33 33333333 3333333333

's' ἶ 3333383333

’ ζ 3 3333 33333 33333 333333 3333 333 3333 3333 3333333333 333
333 3333333333 33 333 3333333333 3333333 3333 3333 333 3333333333 33
« ’ 3333333 3333333333ιέ ’33333333 33333333333333333333333 33333 33

 

