392Ι  3332’,“··

33333 333331) )333 3333333 3333 333 33333. Q. Q 3333333333 3333

Ι ’ 3333333333 33 3333333 3333333 ²) 333· 3333 3333333333333

’ ‘Q Q Q 3933 33333133 Pater noster, 33 3333 3333 3333333333 3333333
333333 33 3333333. 33333 333 333 333 33333333 33. 3333 333 33333

’ 333) 3)3333 3333 33333333 33333 333333. 3333 333333 4) 3333 3333

3333) 333 33 3333 33333333 333333) 333 333 333333 333333 (333333 333
333 Qeinen 333 3333 Q 333333) 333 33333 333333 33333333 3

, 3333333 333333 333 Qatnu 333 33333 (33333333 (3333 333 3333 3333

333 3333 333 3333 333) 333 3333333333) 333-333333 333 933333 33333333
333 3333333 3333 3333333 33 32. 33333333) 33333. 33333 333333
333 333 Ι33333 ‘Quaen‘ 333 3333 (3333 33333 333333 3333333333
,333333 333, Q 333 3333333 3333333 33333333 33333333 333 333333
33 3333 333333 333 333333 33333333 333333) 3333333 3333333333 3333

1 · 3333 3333) 333 3333 333 3333 33333 33333333 3333333) 333 3333333 33

3333333333) 333 3333333333, 333333 33333) 333 333 3333 33333
x 333 63333 33333333) 3333 33333333333333333 3333333333 3333333
333 Q 333 333333 3333333 333333 33333 333 3333 6333333
- 33333 3333333 333 3333333. 3333) 33 33333 333333 3333333
’ 63333333 333 3333333 3333333333 33 3333 33 3333333
’333 3333333 3333 3333 333333 33 333 333333 333 33333
333333 (333333 333 333 QQQe 3333 33 3333333. 33333 3333
s 333333) 33 et (3333333 333333) 333 3333333 Qu 333333 33 333
33 3333 3333333 6333333 333 63333) 333 3333 33333
33 3333333 33333333 33333 3333 33333. 2335 33333

’. 3333 333. 333 33333333 ,33333 33 3333333 333 333 3333 QQQert

’ 3333333333), 333 333 3333 (3333. ,3333 33333 33333333) 333 333 ⁵) 333
3333 3333333 33 ’3333 333 63333 3333 3 3333 333333 3333333334)
’ 333333 333 9333333333 3333333 33333.

3333 333333 3333 333, 333 §Q 333 3333333 ia 33333 333333 333
33333) 4) 333 333 333333 Q 333 3333333 333 (333333 QQQ 3333 333
333 3334333333 333 3333333 33333 333 3333333 3333 33333 3333

· 3333333333 3333 3333333333 3333333 333 2333 333 3333333 33333

3333 333 333 4333333 333 3333 33333 33333 3333333. 33333 333 {Q

¹ (3333 3333 33333333 33333) 333333 3333 3333333333 3333 3333333333

‘mm

υῆωὼωᾰὴᾱ QQQQ QQQQQQQQQQQM
³ 3333333333333333333 333 3) c..s Q Q 33333333 3) c..S 3333333333
33333 3.3333333333333. Q23.QiQe. 6SQQ— 3
- 33333333. QQ QG. S. 3333 333 333 3333333 ’333 Q 333. c 3 3333 333323 333

· ’ Υ3333333333.

 

