”“1511., - Ι 111

1111111111 1111111111 111111 1111111111111 1111111111
1111111111 111 11111111. 61 11111 1. Ω. 11. 11111111 111111 111111
111 111111 111 1111 1111111111111111 1111111 1111 1111111111 1111
1111111111) 1111 11 1. 1. 111. 111111 11111 111111 111111 111111.
11111111 1111111111 111 1111111, 1111 1. ,1. 111 [einen 1111111
1111111111 11111 11111 11 1111 111111 1111111111 1111111111, ·
11111.111111111111111111111111111116111111111111111
1111111 11111111 11111 1111 11111 11111 11111 11111111 1111111111
111111 81 1311111111 vigilia Μ111111111,1131

. 111 111111. 111111.
² ¹ 11111111 1.
, 1111111111 111111.

11111111. Ι11ιῖιιιοιοοιιιιιιιι. ’
111 ιιι ιιιιι 1111111111 11111 11111111 11111111.

11111111 11111111111111 111111 1111111111 11111111 ιιι 111111111111111111
1111111111 (11111111111111111111111 1111111111. ιιιι 1111111111 111111
3111111111 ιιι 11111111111111111 1111111111 1 1111111111 1111111 11111

w

ιιιιιιιιιιιτι. mvsa munem 1111111111. .
1111111111 ¹· .

11111 11111111 111111 &ertu ιιι 3111111111 im 611111 11 111
111111111111111111 11111111) 1111111 ιἰιιιι 1111111111
ιιιιι 1111111111. .

(11111111 11111 11 1111111 ιιι 11111111 11111, 111111
1111111111 1111111111 11111111 1111111111 111111.

1111111 111111 111111 ιιι 1111111 11 1111111 11 1111111

1111111.111111111111111111111 ιιι 1111111111111 111111 11111111 ,

11111111 1111111 1111 1111 11111 11111111Ι 11111 1111 111111 1111111111 ·

1) 11. 1. 1 1111111111.

1 murgam 111 11111111 1111111 11111111111111111111311 11 1111
151111111 λ

 

