1111. q · 111ψ
1111111 ’11111111111111111

111111111111 11111111 111 1111111. , ,-
. 1. 1111 111 1111111 11111111 1111111 una {amm 1111 1111111

*ιιι-

11111111111111111111111111111111 1151. 1111111111 1111111111 ⁸

1111111111.111.1111.1111111111521 111111Χ.1·121.111111111111111 “

1111111111.1111111111111111111111111111..

(11111111 11111. 1111111 1111 11111111 11 1111111111 .
1111 11111111 11111111 1111111111 1111 1111111111111111111111111.Ι
11111111111111111 1111111111 111 111 111111111 111111. 11.
11111111 1111 11111111111111111111111111111. 1111111 11111111
11111. 1111111111, 111111. 11. 111 11111 1111 111111111111111

1111111111. 1111111111 61111111111Ψ111111111111ῖ11ὗ1 · s

11111111111111111111111 1111 11 11. 11. 11. 1111111111 1111. 11111 ·
11111 1111- 111111 111 11 1. 11. 11. 1111 11111 11111111 11111, 111
111111 11111111 1111. 1. (1111111111 1111111111111111 1111111
1111111111111111111 1111111111 11111( 11111 11111 6111111111
111111. 11 111111111111111111111111 1111 1111111 111 1111 11111
111111111111111111111111111111 1 11 1111111111) 1111111111 111 ›

111111 111111 11111111 111 (111111 11111111, 1111 1111111111 ’ ,

1111111111] 11111111111111111111101 1111111 11111 1111111111] “
111111111111111111111111111111 11111111 1111 11111111 Ego
vivo et vos vivetis 11111 111 1111111 1111111 111 111111 11111111
1111] 11111 1111111111111111 11111111111111111111 1111111111

11111111111111111111111.1111 1111111 11111111 (1111 11111111
11111111 11111 Corporis Christi, 1531. ’

11, 1111111 ¹ Νῡ. MDLXXXVI.
⁵ 111 111111. 1111111111 ’

· 1111111111 111 111111 1111111 1111 1111111111 11111

m 1

1111 11111111111111111111111111111111 1. 111. 111 6111111 11. 311. ³

 

