3
3
3

8⁶3* · 3333.

3333· 3333 333 33 3333333 33333333 3333 3333333333 8218 333· 333’
,3333 33333 33333333 33333333 33333 33333 8888 3333333 333 33 333
,33 33333 3333 3333 3333333333 3333 333 3333 3333 3333 033333 333 33333

' . 333333 3333333

88 3333 33333 3 033 33333 33333 3 333333 3333333333 333
3333333 3333333333. 333 3333333 333 33333 33333 333333 3333333

. 33 33333333 333333333333333333 3333331663 36. 33333333 0)

8 3333333 3333333. 3

m

’ 29 888888· · Ν30. MD1v.

, 33333333333333.
81888888 3333333333 63333 333 333 Ι333333 33 888 Ι

⁴*

’,3333 63333333 888188 33333333 3333 31333333 8888 (3333333333 33333333
“ s* 333. 333333333333333333 3333333. 333333. 3333. 6. 333. 33336 333 ex
33333.- 333333 33333. xxll. 563. 8818 xxl. 363. 63333 33333333 33333333
3333333333 3333333333 3333333333 800881288'888808.

{g 6333333333 3333333333 333 633333 33333 3333333333 3333333
3333333 33. «

=(588 333 33333 33 333333 (3333333333 3333333333. 333333 33333
3333 (0333333333 3333 333 33333 33333333 33 33333 33 3333333333 33333
,3333333 33333 333333 333333. 8 (3333333333 33333 88 3333333333
· 3333 33 333333 33332) 33333333 3333333 33333 333 3333 33333 333333

’ 3333 33333333 333 3333333333 3333333333333 3333333333 33333 3333333

, ’3333333333 333333 33 333 333 33333 88 333333 333 33333 (3333333
333333 333333 333 333333 888888. 333 333333 33333333. 33333 333
(33333 333 33333333 333 3333333 33333333 33 33333333 (3333 333 3333
χ333333 333333 3333 333 33333 3333 333333 33 3333 ³) 33333333 33333.
¹ 88 3333333 3 3 333333 333333 3333333333 333333 3333333 333333 33 3333
13333333) 333 33333 333333 333 33 3333 33333333 333333 .5) 88

33333333. 63333- 36. 888 3333333333 333. 33331316. -33333,
88881711- 333333. 33333Η33333 ,3533333333 .

 

’ ’ ’ ἑ13333333333333333 333333336333333333333333333333133

