xlv

’ 1535

‚ 2 1111111
1.1

‚49

1. 111111 11111111111111 111 11111111 11 111 111111

1111 1111111111. 11111 11111111 111 1111111111
’111 111111111111111 111 1111111

111111111111111 111111 111 1111118111 ¹

' . · 111111111111111111111111111111111111111
⁰ · {a 9111111ἅηῖ111 1111111 1111111111 111 111111 111
- 111111111111111111111111111111111111. .

’ ¹272.

129.
,,.

6111121111

-5 555555555 111 11 111111111111111111. J

. 111 1111111111 1111111111 111111, 111111 111 11111
ι 11111 111-1111111111. 1111111111 11 111111111111.
· 1 1111111111111111 111 111111 11111 11 11111

1111111111 111.

552 1111111111111111111111111 111111 111 1111 111

. “ 111111 11111111 1111111111] 111 111 1111111111 1111

’ 11εὲ1111

, 1111111111 11111111111111 11111.

5. 111111111111111111. 1111111111 1111111111

. 1111111111] 111111 1111111111 11111111111111111

’ 11

,Ἴ . ..11

³5¹⁸ 1111111111 1111111111 111111 1111111 1111111111.
1. 1111111111 111 1111 1111111111 111 1111111111

,111111111111111 11111...111 13 1111111111111111

11111111 111111111111 1111111111.

’ · 1111111111111111111111111111111
. 111111111111.11111111..· .
ο( 1111 1111111 11111 111111 1111111111 11111111

1111111111 11 11111 1111111111.

. ,1. 11 111 11111111 111 6111111111 111111 1111311

1111111 11111111

“·; . .1111111111111111111111111· 11111111111111
· ἦ. ¹ , ,1111111111 1111116111111111111111111111111111

· 1111111111 111 11111111 11 111 111111111111111-11
· 2 . 111 11111111111111 1111111111111111 1111111111

, ῶ11ἑ11111
, 111 11111111

1111111.Η ··

11111111111111111111. 11111111111111111 111111.
1111 11 111111 (111 1111111111 11111111’ 11 11111111 111

,1. “ 111111111111111111 11111111 1111111111.
« γ1111111111111111111111.. 1

 

