ι “’ Δ1111 s 111

1.1ιιιι·.’ 3 11. 1111111111.
’ 111111111111111111111. ’,

1111111111111111111111111-11111111111111 111111111111110111111111. ²

· *a
.
ι

1111111111 11111111 1111111111. 111. ιιι 11111111 ιιι 1111111.

1111111.111.111ξ11ι1.ν.561.1111111111961.11.11ι1111111111. VVVVVV
1111111111 111111111111111 111111111111111111111111111

1(1161211111111111711111111111111151.1 111111111111 11111111, 1111111111
VVV ι

91111111 111111111111111. 1111111111 11111 111111 V! 111ι
11 Vm 111111 1111111111111111111π111111 1111111111111 111

111 1111111111 1111 111 111 1111111111 111 111 11111111111111· ·¹ .

W Va 1111111 1111. 11111111 11111 11111 1111 11111 11111
ιιιι 11 ·’ ’

111 11111111 1111111111111111 111111111111111 111111,
11 1111 811111 1111111. 1111 11111 111 11111111 111111 11111
11111111 111111111111 VVV 1111 61111111 11 1111111 611111
111111111111-111111111111111111111111111111111111
11111111 11111 1111 11111. 111 11111 1111 111111111 1111 1111
11111111111111 111111111111111111 1111 11111 1111 111111ιί
1111111111 1111111 “ ·-

1111 1111111 11111 ιιι 11111111 111111 ιι1 1111 11111111
1111111 111. 111111111111111 1111111111 1111111111111111 111.
11111111 11111111 1116111111 151127) VV'VV wt-

ιιι 11111111 1111 11111111111111111111-11111111.111· ,

111 111111 11111111 11111 1111111111 111 1111111111 1111111111 111
1111111111 11111 1111111111 11111111 111 111111 61111111 (11 )·
1111111111 te ne quaesieris 111. ῶιι· VVVVV VVVVVV VVVVVVVVVV

11111111 1111 1111111111 111 11111111 1111111 1111 11111111 “

111. 11111111111111111111 1111111111 11111111 111
11111111 11111111 VV. 1111111111 11111 11111 Vs·- 1311111). 111 tV
ιιιι 1111111111 1111 11111 11 1111 11111 1111111111 11111111. ’

111111 1111111111 111111111111111111111111111111111·
1111 11111111 111 1111 111111 111111 111 11111111 (Vm 11111Ι
1111111111111111111111111111111111111111111111111111111 1

1111111111 1111 11111111 111, ιιιιιιι11111111111111111111ιί111ἱ · . ’

11111111 1111 11111. ·

 

