, 1666. 6 606

66666 6666 66666666 6666 66666 66666 6666666 666 6666666666
6866666 666666 66666666 &adn 66 e. 6. ff. θ. 66666666 mentm
6666666, 66666 6666, 66666666 66666 HM. 6666 666 &inu
66 66666 666666 6666666 66666666 66666 6666666666 6666 666·
phun-‘1534
eo* ,ο 8· θ.
6666666666
666666. 666666.

Χ

66. ganum. ’ ΝΟ. MDL1x. δ

666 666 66666666 66 6666666 66666666666666 666 ,
metandum .

66666666 666 666 6666666666 666 66666666 66666 6666666666 66666666 66 6666 666666.

-.ψ

6666νοὶ. 6666. 66.ο.66666 66666666 66666.663...;666666 66666666
666. 366. wit 66666 6666 6666666666 666 cod. 66666 656. fol Bi.b1 ooth. 666
66666 ,666 6666666666 666

666666666666666 6666666666666ῶ666666ι 66666 36666666 , ι

666 {imputat 2666666666666 666666 66666 &istu 3¹1
56666666 66666 66666666 Domina. “

(ὓ666 666 6666666 66666 666666 66666 666666 christani. &3333332

66666 6666666666 66666666 66666666 666. 6666666 6666666 666 ·

666 wicht 66666666 aniana> lmus 666 66. 6666666666 66 6666·
6666 (6666 666 666666 (6666666666 6666 (666666 66 666 6666666
666666 oe' 66 666 666] worm 6666666666 6666666 6666 6666666
66666 6666666666 666 66666666 6666] 666 6666 666666 666666 66666666
666 6666666666 666 666 6666666666 m 66666666 66666666 ft 66 66666666
6666, 6666 66666666 666 6666666 8666 6666 6666666666 6666666 666
66666666 666. 6666666666 6666 6666666666666666 66666 6. 66.
6666666666 66666 6666666 3 6666666 6666 666 666666 66666, 666 666
6666666 66 (666666 66666 6666666661 666 666 6666666 6666666666
66666 666666 66666666· 66666666 666 6666666 666666 66666666 66666
6666666 6666666 66666 6666 66. 6666 66666 6666 66666666 66 666
66666666 6666666 666666, 6666666666 666 666 6666666666 666 66
buten) 666 66 666 66666 6666 66 (666666 666 6666666666 66666 66666

 

