’ 33 3333.
’333333 . ’ f 3333333..

333 333 33333333 33333333. ,

3. 3333 3333 3333333333] 3333 33 333 33 3333333333 3333333333 33333333
33333 3333333333 3333 333 33333333 333 33333 3333 33333 333 3333333 3333333
333333 333 333333 3333 333333 333 33333333 333333 33 333 33333 333 3333333333
333 333 3333 333 33333333 33 333333 63333333 3333 2'5. 333333 (333 333333 xvi
m· 333 3333333333 33333.

53333333333333333 63333333333 ,33333333 333. 333 zen. v. 33.

' 3333333. V. 3333. 33333. XX. 373 3333333 3333 333. 333 ,33333333 Ε 33.

33. 33 3333333333 33 33333 63333333. 3333333333 333 Budd'e'us ρ’. 333 3 333
3333333333333 3333333 coelestin 3..333 33. 333. 33333333333333333
1 3333333 3333333333 333 3333 3333333. 3333333 3333333333 33333333 cod. 333 3. 3..333

Ι6333 33333333 33 333333. mumma, 3333333333333333
3333333333 33333 Q· 33. 3. 33. 83333333 333 3. 33333 33333333 333
tro 3333 333 9. 33333 3333333333. ’333 333 3333333 ’3333333333 3333

. “ Q. 3. 3. 33. 33333333 333 33333333 3333333. 33333 33 33333 33333

333 id> 333 333333 ’33333 33333333 3. 3. w. 33333 333333 au· ἵ
33333333 33 3333 333 33 3333 333 63333 333 333 33333333 33 333333
33333333» 3333333. 33. 3 33. 33333333 6333333333 333 news
333 3333 333 33333 3333 3333333 33333. 33. 3. 33. 33333 33333
3333333 3333 333 33333 3333333 333333. ’

mue 33333 qim 3333, 333 3333333 333 33333, 3333 333 33333· 3
· 33333333 3333333 33 333333 333 33333 333333, 333 33 333 33333333
· 33333 3333333. 333. (333333333333333 3333333 33333 3333 3333333 3333
333 3333333 33333, 333 33333 333 33333333 3333333333 3333333333
333 33333 3333333333 333 3333 33333333 33333 333 33 33333 3333 333333
333333 3333. 333 3333 333 33333 333333 333 333 33333 333333. 333
· 333. 33333333 ³) 333 333333 333333 3333333333 3333 33333 33333 333
aa 33333333 33 Ὶ333333 ’333333 333333 333333 333 33333 3333 333
3333313333 3333333333] 333 33333333 3333 fut mn. 333 33333

. . s 333333 333333 33333 3333 333333. 333 33 33 33333 333333( 333 333ῑῖ

33333333 33333 333333. 333 333333 33, 333 3333333 33 33333333 333
333333 33333 3333333333. 4) &ie 333333 3333 3333333 33333 33333 333
3333333333 3333333. 333333 3333 33333 33333 333333 (3333 33 33 333333), ¹

33 3)· 33333. 33333333. , 33 33333. ··· 3333 3333. - 3) cod. 333. Μ. spumans.
333333. 33333333 al. 33333333. -

’ 3
η
3

 

