s 666 ’ 6666 ,

666 66666 666 66666 6666666666 66666 6666 6666 666 66666666 666666
66666666 6666 6666666 6666666666 6666666666 66666 6666 66 66666 66.

’ 6666666 ’66666 66666666 666 6666666666 6666666666 6666666666 666666

66666 66666 6666666666 6666666666 6666666 (6666666666 &trahel 66666
66666666 666666 666 666 6666 6666666666 66666 66666666 666 66666 66666
· 1110ss 66666666 666 6666 66666 6666666 66666 666 66 666 6666 666666 666

, 66666 6666666, 6666666666 66661. 666 annumeras 66666666 6666
Assumpt. Mariae, 6666666 1562. , ι’ A
¹ ’ 66. 66666666 666666

-ψ--ὣ-ν-α--υ--ή “

·’ 66. 66666666. Ἰ ⁸. ·1⁴‡⁰1.,Mccccl,xx1.
ι 6666666666666666..’

’ 366666 6666 66666666666666 (66666666 666666 6666666666 im 6666666666

...ἁ-ΔΩ

66666 666666. 6666666666 666666666666 15⁵9. 6666 mm 6666. 66666 66666666 6666

’. 66666666 6666666....666666 66666666666666666666666666.
- 6666666666666666.

Dent 6666666666 6666 6666666666 61166666 6666666666 su 6666666666
⁴ 6666666666666636666666 -

Ι &tien 66 6 66666 666666 666666 66666666 666666 66666666 66666

¹ “ 66666 666666 666 6666 66666666 666 66 66666 66666 6666 6666666666 6666

66666 6666666 6666 66666666 66666 66 666666 6666 6666 autem (6666666666

’ 66666 6666 6666666666 666 666666666 *) 666 4666666666 66666 6666

= 6666 6666 66666 6666666 6666 66666666 6666 ’66666 (66666666 6666 66666666

¹ 6666666666660666666666, 6666666666666666666666666666666. 66666

6666 6666 66 6666 66666666 66666 666666 6666 66666 ’666666 6666666666 666
’6666666 66 6666666 666 666 66666 66 66666666 66666 666 6666666 66666666 6666

⁴ ¹ 66666666666666666666666666666666666666666666

66 66666 6666666666 6666 666 66 6666 6666 66666666 6666666 66 6666

’ ’ ,6666666 66 666 66666666 66666666 6666666 666 6666666666] 6666666666
, 6666 &t 66666666666666 1532.

N 66666 666666 6666666.

 

