1.111 111

mmmmmefflmex
11111111111111111111 111111 11111111111111 1111111 111111 1111111111
111 1111111 1111111 11111111 11111 11111111 1111111 11111111 11 1111111111
11111111111111111111111111111111111111111111111111111111111
111111111111111 111111111111111111111111111 1111111111 1111111111

1111 11 1111111) 111 61111111 1111111. 1 11 0. 1111111111111 ι

1111111111111111111 1111 111 11111 ’111111 11 1111111111 11111111 1111
111 111111 111111 11111 111111 11111111 1111111111 111 1111 11111 111
1. 1. 1. 1. 1111111· 111111 1111111111 111 11111111 111111 11 111111

111111 11111111111111111111111 111 111111 11111111 1111 11111111 ” s

111111 11111 111111 111111 11111111 1111111111· 11111 11111111 1111111111 ⁸
11111 1111111 11111111111111111 11111111 1111 11111111111111 11111
1111111111 1111111111 111 1111 11111111 1111111 111 1111111111 1111111
11111111, 1111111111 11111 11111111 1111111111 1111111111 11 t. 1.
1111111111111111111111111111111111111·1111111111 11111111 1111111111
1111111111 1111 1111111111 11111111 1111111 111 1111111111 11111 11 1111111
11111111 111 111111611111111111111 11111111 1111111111 11111 111.
11111111 111 11 11111111 11111111111311111111111111111111111 11111
11111111 1111111111 1111111 111111 11 11111 111 111111111111111 1111 ·
1111111111 111 1111 1111111 1111 111 1111111111111111 1111 111 1111
1111111 1111111111 1111111111 1111 1111111111 1111111 8111 111- 1111)
111111. ’

111111111111111111111 111111111111 1 1. 1111 1111111 .

Ε1111111111 1111 111111 11111 1111111111 111 11 1111111111 111111 1111
1111111111 111111111111111111111111 111 11111111 1111 1111111 1111
1111111111 1111111111 1111111111 111111111111111111 1111 11111111
111 11111111 111611111111111111111111111111111111111111111
11111 1111111 11111111111111111111·111 (1111111 11 111111 111 111
111111111111111111101111111111111111111111 11 11111 111111 111 111 , '
11111111 1111 1111111 11111111 111 1111 111111. 11. Me 111111 111111
1111111111111111111111111111111 111111111111111111 11111111111111111
111111111111111111111111 1111111111 111 1111111111 1111111 1111111 ·

61111111 11111 1111111111111111111111 1111 111111 111111 111 ³
11111111111111111111111111111 11111111111111111111111111 ¹

1111 1111111111111111111111111 111 111 1111111111 1111111111.
11111111111111111111 11111 1111 1111111 1111 11111111111111
11111 1111 1111 11111 11111 111 111111 11111111 111 111 1111111 1111111111

11111113111111611111111111111111111111111 111111111111111“ · =
11111111111111111111111111111111116111111 11111111111111111· ·, ,

1111111111 1111) 11 111111111111111111111 11111111 1111111 111111

 

